ATE:  0.017218159573729682
Q_ATT:  -0.017218159573729682
plug_in_ATT:  nan
