Peer Read data
ATE:  -0.2165940158767507
Q_ATT:  0.2102632461176237
plug_in_ATT:  0.09209546277965236
