Peer Read data
ATE:  -0.2021106865284226
Q_ATT:  0.20562524872996746
plug_in_ATT:  0.08593717205529824
