Q_ATT:  0.016230602591834058
plug_in_ATT:  26.1539930164814
