Peer Read data
ATE:  -0.006354957917668172
Q_ATT:  0.004437384471996596
plug_in_ATT:  0.027021189297579684
