Peer Read data
ATE:  -0.19779875321703727
Q_ATT:  0.19728023718625629
plug_in_ATT:  0.0841037442379157
