Peer Read data
ATE:  -0.006354957353402771
Q_ATT:  0.00443738384797685
plug_in_ATT:  0.002702118689833135
