Peer Read data
ATE:  0.011394438422845649
Q_ATT:  -0.011058751168233823
plug_in_ATT:  -0.004844898763331265
