Peer Read data
ATE:  -0.1812927598830475
Q_ATT:  0.1682146345369437
plug_in_ATT:  0.07708541970767269
