Peer Read data
ATE:  -0.1914189084617892
Q_ATT:  0.19172676718030596
plug_in_ATT:  0.08139104346075644
