ATE:  -0.04534015327940005
Q_ATT:  0.04534015327940005
plug_in_ATT:  inf
