Peer Read data
ATE:  -0.16825905010056103
Q_ATT:  0.16685369413628476
plug_in_ATT:  0.71543505129401
