Peer Read data
ATE:  -0.20975915657628078
Q_ATT:  0.19579578849221393
plug_in_ATT:  0.08918929047492545
