Peer Read data
ATE:  -0.17121681618640391
Q_ATT:  0.18047427976712424
plug_in_ATT:  0.07280114299795903
