Peer Read data
ATE:  -0.18708830997936135
Q_ATT:  0.18174590289538947
plug_in_ATT:  936.936122084008
