Peer Read data
ATE:  -0.16262883957906213
Q_ATT:  0.154354625597381
plug_in_ATT:  0.06914954774592758
